0
0
0
0
0
Wicked
0
1
0
0
0
0
or
0.918461538462
2
0
0
0
0
weakness,
1.22461538462
3
0
0
0
0
you
2.60230769231
4
0
0
0
0
gotta
3.06153846154
5
0
0
0
0
see
3.82692307692
6
0
0
0
0
this,
4.28615384615
7
0
0
0
0
waaaaay
5.05153846154
8
0
0
2
1
(yeah,
6.12307692308
9
0
2
5
2
yeah!)
7.04153846154
10
0
2
4
1
Aye,
7.96
11
0
1
2
0
I
8.48173913043
12
0
2
5
6
remember
8.61217391304
13
0
2
5
3
syrup
9.65565217391
14
1
3
6
7
sandwiches
10.307826087
15
0
2
3
2
and
11.612173913
16
0
2
3
5
crime
12.0034782609
17
0
2
5
6
allowances
12.6556521739
18
14
6
4
6
Finesse
13.96
19
7
1
1
5
a
14.63375
20
6
1
1
8
nigga
14.73
21
7
3
3
5
with
15.21125
22
14
5
3
5
sum
15.59625
23
21
9
4
10
counterfeits
15.885
24
14
7
4
4
But
17.04
25
15
7
3
4
now
17.418
26
15
5
2
5
I'm
17.796
27
17
5
3
7
countin
18.174
28
14
5
3
5
this
19.056
29
17
8
4
6
Parmesan
19.56
30
15
7
4
4
where
20.226122449
31
13
6
3
3
my
20.6424489796
32
18
4
2
7
accountant
20.8089795918
33
12
5
3
5
lives
21.6416326531
34
14
5
3
2
in
22.0579591837
35
16
5
3
3
fact
22.2244897959
36
11
6
3
3
I'm
22.5575510204
37
14
6
2
5
down
22.8073469388
38
10
2
1
5
at
23.1404081633
39
14
6
3
3
this
23.3069387755
40
17
6
3
3
Dusse
23.64
41
17
7
4
4
with
23.9828571429
42
8
2
2
3
my
24.2571428571
43
8
1
2
5
boo
24.3942857143
44
9
1
2
6
bae,
24.6
45
11
4
3
4
tastes
24.8742857143
46
15
4
3
3
like
25.2857142857
47
12
5
3
4
kool
25.56
48
11
6
2
4
aid
25.8342857143
49
12
7
3
4
for
26.04
50
10
5
3
4
the
26.2457142857
51
15
7
4
4
analysts
26.4514285714
52
14
6
4
4
Girl,
27.0
53
9
2
2
3
I
27.4
54
8
2
2
4
can
27.48
55
8
1
1
6
buy
27.72
56
5
1
1
6
your
27.96
57
12
5
3
3
ass
28.28
58
15
5
3
3
the
28.52
59
14
5
3
5
world
28.76
60
13
6
2
6
with
29.16
61
7
2
1
5
my
29.48
62
15
7
4
5
paystub
29.64
63
14
7
4
3
Ooh
30.2
64
16
6
3
5
that
30.4426666667
65
8
2
2
6
pussy
30.7662222222
66
5
1
3
6
good,
31.1706666667
67
16
5
4
4
won't
31.5751111111
68
13
5
3
3
you
31.9795555556
69
13
5
3
3
sit
32.2222222222
70
11
7
3
5
it
32.4648888889
71
11
5
3
5
on
32.6266666667
72
11
5
3
4
my
32.7884444444
73
15
6
3
4
taste
32.9502222222
74
16
6
4
5
bloods
33.3546666667
75
10
2
1
4
I
33.84
76
9
2
2
8
get
33.9789473684
77
7
4
3
6
way
34.3957894737
78
16
7
4
4
too
34.8126315789
79
18
7
4
7
petty
35.2294736842
80
15
6
3
6
once
35.9242105263
81
16
7
4
4
you
36.48
82
14
5
3
5
let
36.8968421053
83
7
1
2
6
me
37.3136842105
84
7
1
2
6
do
37.5915789474
85
15
5
3
5
the
37.8694736842
86
18
9
5
7
extras
38.2863157895
87
10
5
2
5
Pull
39.12
88
8
5
2
2
up
39.3242553191
89
11
5
2
3
on
39.4263829787
90
11
6
2
3
your
39.5285106383
91
14
6
3
4
block,
39.7327659574
92
12
3
2
4
then
40.0391489362
93
10
2
1
5
break
40.2434042553
94
8
1
0
4
it
40.4987234043
95
5
1
1
6
down
40.6008510638
96
7
1
1
4
we
40.805106383
97
5
4
3
3
playin
40.9072340426
98
15
5
4
3
tetris
41.2136170213
99
12
5
3
3
A.m.
41.52
100
10
5
3
2
to
41.7677419355
101
12
6
3
2
the
41.8916129032
102
12
6
3
5
p.m.,
42.0774193548
103
11
6
3
5
p.m.
42.3870967742
104
11
5
3
3
to
42.6348387097
105
11
6
3
3
the
42.7587096774
106
15
6
3
3
a.m.
42.944516129
107
16
7
3
2
funk
43.1922580645
108
9
2
0
2
Piss
43.44
109
8
1
2
6
out
43.768
110
7
1
2
6
your
44.014
111
13
5
3
4
per
44.342
112
15
6
4
4
diem
44.588
113
12
5
3
3
you
44.916
114
11
7
3
4
jus
45.162
115
14
7
3
6
gotta
45.408
116
13
6
3
4
hate
45.818
117
15
6
2
2
em,
46.146
118
16
5
2
3
funk
46.392
119
10
2
0
3
If
46.72
120
6
1
0
2
I
46.8977777778
121
9
1
1
6
quit
46.9866666667
122
12
5
3
4
your
47.3422222222
123
14
5
4
4
bm
47.6977777778
124
8
1
1
3
I
47.8755555556
125
14
6
4
5
still
47.9644444444
126
13
5
2
6
ride
48.4088888889
127
20
8
4
8
mercedes,
48.7644444444
128
18
7
3
3
funk
49.5644444444
129
5
1
0
2
If
49.92
130
4
1
0
1
I
50.0858536585
131
9
1
1
6
quit
50.1687804878
132
9
5
3
4
this
50.5004878049
133
17
7
5
5
season
50.832195122
134
10
5
3
4
I
51.3297560976
135
14
7
3
6
still
51.4126829268
136
11
5
3
4
be
51.8273170732
137
12
6
4
4
the
51.9931707317
138
14
6
3
5
greatest,
52.2419512195
139
0
0
0
3
funk
52.9882926829
140
0
0
0
4
My
53.32
141
0
0
0
4
left
53.5568
142
0
0
1
4
stroke
54.0304
143
0
0
0
5
just
54.7408
144
0
0
1
7
went
55.2144
145
18
7
4
6
viral
55.688
146
10
2
2
8
Right
56.28
147
16
5
3
6
stroke
56.78
148
15
7
4
4
put
57.38
149
11
5
3
3
lil
57.68
150
13
7
3
6
baby
57.98
151
10
5
2
5
in
58.38
152
10
5
2
3
a
58.58
153
17
7
4
4
spiral
58.68
154
11
3
3
8
Soprano
59.28
155
6
1
1
6
c,
59.9552941176
156
5
1
1
3
we
60.1482352941
157
16
5
3
4
like
60.3411764706
158
12
6
4
3
to
60.7270588235
159
14
7
4
4
keep
60.92
160
11
6
2
6
it
61.3058823529
161
10
2
1
7
on
61.4988235294
162
10
3
3
4
a
61.6917647059
163
14
6
3
4
high
61.7882352941
164
18
8
4
3
note
62.1741176471
165
13
6
3
4
It's
62.56
166
6
2
1
4
levels
62.6666666667
167
4
1
0
3
to
62.8266666667
168
5
1
0
3
it,
62.88
169
5
1
1
5
you
62.96
170
5
1
1
5
and
63.04
171
4
1
1
5
I
63.12
172
7
1
2
5
know...
63.1466666667
173
6
1
2
2
bitch
63.3333333333
174
4
1
1
2
be
63.4666666667
175
11
5
3
3
humble
63.52
176
9
5
3
2

63.68
177
14
5
3
5
(Hol'
63.68
178
11
2
1
5
up
63.8895238095
179
11
5
3
6
bitch)
63.9733333333
180
10
2
1
4
sit
64.2247619048
181
12
6
3
4
down,
64.3504761905
182
11
7
3
4
(Hol'
64.56
183
9
5
3
4
up
64.68
184
9
5
3
4
lil
64.728
185
11
3
2
4
bitch,
64.8
186
10
6
2
3
hol'
64.944
187
11
5
2
2
up,
65.04
188
11
5
3
2
lil
65.112
189
12
6
3
3
bitch)
65.184
190
9
2
1
2
be
65.328
191
14
6
3
3
humble
65.376
192
15
6
4
4
(Hol'
65.52
193
6
1
1
3
up
65.8455813953
194
8
2
1
7
bitch)
65.9758139535
195
5
1
0
6
sit
66.3665116279
196
6
4
3
4
down
66.5618604651
197
14
5
3
4
(sit
66.8223255814
198
14
5
3
4
down
67.0827906977
199
11
6
3
2
hol'
67.343255814
200
11
5
2
2
up
67.6037209302
201
11
6
2
5
lil
67.7339534884
202
13
6
4
6
bitch)
67.9293023256
203
10
5
4
3
Be
68.32
204
16
6
4
4
humble
68.416
205
16
7
3
4
(bitch)
68.704
206
11
2
1
3
(Hol'
69.04
207
6
1
0
3
up,
69.1326829268
208
7
1
0
3
hol'
69.1882926829
209
4
1
0
2
up,
69.2624390244
210
8
1
0
2
hol'
69.3180487805
211
4
1
0
5
up,
69.392195122
212
8
1
0
5
hol'
69.447804878
213
4
1
0
5
up)
69.5219512195
214
6
1
0
5
bitch
69.5775609756
215
4
0
0
1
sit
69.6702439024
216
6
1
0
2
down
69.7258536585
217
5
3
3
4
Lil
69.8
218
15
5
3
6
bitch
70.00625
219
12
5
3
4
(hol'
70.35
220
9
6
2
2
up
70.69375
221
11
7
3
4
lil
70.83125
222
15
7
4
5
bitch)
71.0375
223
12
6
4
3
be
71.45
224
12
6
5
5
humble
71.5875
225
0
0
2
4
(Hol'
72.0
226
0
0
1
2
up
72.46
227
0
0
1
6
bitch)
72.644
228
0
0
1
5
sit
73.196
229
0
0
2
4
down
73.472
230
0
0
1
1
(Hol'
73.84
231
0
0
0
1
up,
74.0994594595
232
0
0
0
2
hol'
74.2551351351
233
0
0
1
1
up,
74.4627027027
234
0
0
3
3
hol'
74.6183783784
235
0
0
2
3
up,
74.8259459459
236
12
6
3
4
hol'
74.9816216216
237
15
7
4
3
up)
75.1891891892
238
13
5
3
3
be
75.3448648649
239
11
2
1
4
humble
75.4486486486
240
4
1
1
7
(Hol'
75.76
241
13
5
3
5
up,
76.2736363636
242
15
6
4
6
hol'
76.5818181818
243
13
6
3
3
up,
76.9927272727
244
14
7
3
5
hol'
77.3009090909
245
12
6
4
4
up,
77.7118181818
246
16
6
4
4
hol'
78.02
247
12
3
1
3
up
78.4309090909
248
10
2
1
3
lil
78.6363636364
249
9
2
2
7
bitch)
78.9445454545
250
14
5
3
6
sit
79.5609090909
251
13
5
3
4
down
79.8690909091
252
11
6
2
2
(Hol'
80.28
253
10
6
2
4
up
80.5383333333
254
6
2
1
5
lil
80.6416666667
255
11
6
4
5
bitch)
80.7966666667
256
11
5
4
3
be
81.1066666667
257
16
6
4
4
humble
81.21
258
16
7
3
3
(Hol'
81.52
259
13
5
2
3
up
81.7804651163
260
9
2
1
4
bitch)
81.8846511628
261
9
1
0
5
sit
82.1972093023
262
7
1
0
5
down
82.3534883721
263
6
4
3
4
(hol'
82.5618604651
264
11
4
3
4
up
82.8223255814
265
13
5
3
5
sit
82.9265116279
266
12
5
3
4
down
83.0827906977
267
11
5
3
2
lil
83.2911627907
268
12
6
2
3
bitch)
83.4474418605
269
12
7
3
4
(Sit
83.76
270
11
5
2
5
down
83.92
271
8
4
3
2
lil
84.08
272
12
6
4
4
bitch)
84.2
273
8
2
2
3
be
84.44
274
8
2
3
4
humble
84.52
275
3
1
2
4
(Hol'
84.76
276
0
0
1
4
up,
85.26
277
0
0
1
6
hol'
85.56
278
0
0
1
5
up,
85.96
279
0
0
3
4
hol'
86.26
280
0
0
1
1
up,
86.66
281
0
0
0
2
hol'
86.96
282
0
0
3
3
up
87.36
283
9
5
4
4
lil
87.56
284
17
7
4
5
bitch)
87.86
285
4
1
1
7
bitch,
88.46
286
13
5
3
5
sit
89.06
287
16
7
4
6
down
89.36
288
12
7
3
3
(Hol'
89.76
289
11
6
2
2
up
90.0433333333
290
12
7
3
4
lil
90.1566666667
291
13
6
3
5
bitch)
90.3266666667
292
11
5
3
2
be
90.6666666667
293
17
7
4
3
humble
90.78
294
16
6
4
5
(Hol'
91.12
295
10
2
1
4
up
91.5
296
4
1
2
6
bitch)
91.652
297
3
1
1
3
sit
92.108
298
14
5
3
3
down
92.336
299
15
5
3
3
(Hol'
92.64
300
11
5
3
3
up,
92.964137931
301
13
5
2
4
hol'
93.1586206897
302
11
3
1
5
up,
93.4179310345
303
12
5
3
6
hol'
93.6124137931
304
12
5
2
3
up,
93.8717241379
305
15
6
2
3
hol'
94.0662068966
306
15
7
3
2
up)
94.3255172414
307
11
5
2
1

94.52
308
14
5
3
3
Who
94.52
309
8
2
1
4
dat
94.6476595745
310
9
2
1
4
nigga
94.7753191489
311
8
1
1
6
thinkin
94.9880851064
312
3
1
0
3
that
95.2859574468
313
3
1
1
3
he
95.4561702128
314
15
5
3
5
frontin
95.5412765957
315
12
2
1
4
on
95.8391489362
316
11
5
3
4
man
95.9242553191
317
11
5
3
3
man
96.0519148936
318
11
5
3
4
(man
96.1795744681
319
11
6
2
4
man)
96.349787234
320
11
7
3
5
Get
96.52
321
9
5
2
5
the
96.7041860465
322
11
5
2
4
fuck
96.888372093
323
12
5
2
3
off
97.1339534884
324
11
6
3
3
my
97.3181395349
325
15
6
3
4
stage,
97.4409302326
326
10
2
1
4
I'm
97.8093023256
327
9
1
0
4
the
97.9934883721
328
4
1
1
6
sandman
98.1776744186
329
18
5
3
5
(sandman)
98.6074418605
330
11
5
3
3
Get
99.16
331
11
5
3
3
the
99.3657142857
332
12
6
2
6
fuck
99.5714285714
333
8
2
1
6
off
99.8457142857
334
8
3
3
3
my
100.051428571
335
15
6
3
2
dick,
100.188571429
336
14
6
4
5
that
100.531428571
337
17
6
3
6
ain't'
100.805714286
338
5
1
1
7
right
101.217142857
339
7
1
1
6
I
101.56
340
7
1
1
5
make
101.635
341
5
3
3
3
a
101.935
342
16
5
3
4
play
102.01
343
14
7
3
5
fucking
102.31
344
10
5
2
2
up
102.835
345
12
7
3
5
your
102.985
346
14
6
2
3
whole
103.285
347
9
2
1
5
life
103.66
348
4
0
1
6
I'm
103.96
349
0
0
1
3
so
104.212972973
350
0
0
1
4
fucken
104.381621622
351
0
0
1
3
sick
104.887567568
352
0
0
1
3
and
105.224864865
353
0
0
1
4
tired
105.477837838
354
0
0
1
2
of
105.899459459
355
0
0
1
2
the
106.068108108
356
10
5
3
6
photoshop
106.321081081
357
16
7
4
4
Show
107.08
358
15
5
3
4
me
107.370909091
359
7
2
2
7
something
107.516363636
360
16
5
3
6
natural
108.170909091
361
13
5
3
5
like
108.68
362
13
7
4
4
afro
108.970909091
363
12
7
3
3
on
109.261818182
364
16
7
4
6
richard
109.407272727
365
15
7
4
5
pryor
109.916363636
366
14
6
4
5
Show
110.28
367
9
2
2
5
me
110.547755102
368
10
2
2
8
something
110.681632653
369
13
5
3
5
natural
111.284081633
370
14
6
4
4
like
111.752653061
371
11
5
3
4
ass
112.020408163
372
12
6
3
4
with
112.22122449
373
12
5
3
6
some
112.488979592
374
19
8
4
9
stretchmarks
112.756734694
375
16
7
4
4
Still
113.56
376
10
2
2
4
will
113.837192982
377
6
1
1
6
take
114.058947368
378
5
1
1
6
you
114.280701754
379
6
1
1
4
down
114.447017544
380
13
5
3
3
right
114.66877193
381
13
4
3
3
on
114.945964912
382
12
5
3
4
your
115.056842105
383
13
7
4
4
momma's
115.278596491
384
11
6
4
5
couch
115.666666667
385
9
5
3
4
in
115.943859649
386
12
6
3
5
polo
116.054736842
387
12
5
2
4
socks
116.276491228
388
14
5
3
3
aye
116.553684211
389
15
5
3
5
This
116.72
390
9
2
2
8
shit
117.090909091
391
7
1
1
5
way
117.461818182
392
5
4
3
3
too
117.74
393
16
6
4
5
crazy
118.018181818
394
11
5
3
3
aye
118.481818182
395
13
6
3
3
You
118.76
396
10
5
2
5
do
118.993333333
397
9
3
1
6
not
119.148888889
398
15
6
3
4
amaze
119.382222222
399
13
5
3
3
me
119.771111111
400
16
7
4
3
aye
119.926666667
401
13
6
2
5
I
120.16
402
8
2
2
7
blew
120.273333333
403
5
1
2
7
cool
120.726666667
404
16
6
3
6
from
121.18
405
11
5
2
4
ac
121.633333333
406
13
6
4
4
aye
121.86
407
12
6
3
5
Obama
122.2
408
11
5
3
4
just
122.526315789
409
14
7
3
4
paged
122.787368421
410
13
5
2
3
me
123.113684211
411
11
2
1
4
aye
123.244210526
412
9
1
1
5
I
123.44
413
6
1
1
8
don't
123.524
414
16
5
3
8
fabricate
123.944
415
11
5
2
4
it
124.7
416
10
5
3
3
aye
124.868
417
11
6
2
3
Most
125.12
418
10
5
2
5
of
125.333333333
419
9
3
1
5
ya'll
125.44
420
8
4
2
3
be
125.706666667
421
12
5
3
3
fakin
125.813333333
422
10
5
2
3
aye
126.08
423
12
5
2
3
I
126.24
424
17
7
3
6
stay
126.334
425
6
1
1
8
modest
126.71
426
10
5
3
5
bout
127.274
427
14
5
3
5
it
127.65
428
14
5
3
5
aye
127.838
429
12
5
3
4
She
128.12
430
17
8
5
7
elaborate
128.367058824
431
11
5
2
3
it
129.108235294
432
9
2
1
4
aye
129.272941176
433
5
1
2
4
This
129.52
434
0
0
1
3
that
129.854883721
435
0
0
1
3
grey
130.189767442
436
0
0
2
4
poupon,
130.524651163
437
0
0
1
4
that
131.110697674
438
0
0
2
5
evian,
131.445581395
439
0
0
2
5
that
131.947906977
440
0
0
1
4
ted
132.282790698
441
15
7
3
4
talk
132.533953488
442
14
6
3
5
aye
132.868837209
443
9
2
1
8
Watch
133.12
444
7
1
1
6
my
133.503783784
445
6
1
2
5
soul
133.657297297
446
17
6
6
5
speak,
133.964324324
447
11
5
5
5
you
134.424864865
448
11
5
2
4
let
134.655135135
449
12
7
3
5
the
134.885405405
450
12
6
3
5
meds
135.115675676
451
13
5
2
4
talk
135.422702703
452
14
5
3
3
aye
135.72972973
453
12
5
3
3
If
135.96
454
9
2
1
1
I
136.072
455
10
2
1
3
kill
136.128
456
6
1
1
4
a
136.352
457
5
1
2
7
nigga
136.408
458
4
0
2
5
it
136.688
459
6
1
3
6
won't
136.8
460
3
2
2
2
be
137.08
461
13
5
3
2
the
137.192
462
16
6
3
4
alcohol
137.36
463
10
5
3
2
aye
137.752
464
8
5
3
3
I'm
137.92
465
10
5
2
2
the
138.036923077
466
11
5
2
6
realest
138.153846154
467
8
5
3
4
nigga
138.426666667
468
11
5
3
4
after
138.621538462
469
12
3
1
3
all
138.816410256
470
13
5
2
4
bitch
138.933333333
471
12
6
3
3
be
139.128205128
472
15
6
3
5
humble
139.206153846
473
10
2
1
3

139.44
474
12
2
2
4
(Hol'
139.44
475
5
1
2
2
up
139.64
476
9
1
2
5
bitch)
139.72
477
5
1
2
5
sit
139.96
478
3
1
1
3
down,
140.08
479
12
5
3
3
(Hol'
140.28
480
13
4
3
4
up
140.535
481
13
2
2
4
lil
140.637
482
13
5
3
6
bitch,
140.79
483
12
5
2
4
hol'
141.096
484
13
7
3
4
up,
141.3
485
9
5
3
4
lil
141.453
486
14
6
3
4
bitch)
141.606
487
11
5
3
3
be
141.912
488
15
6
4
4
humble
142.014
489
14
6
3
3
(Hol'
142.32
490
8
2
1
3
up
142.626976744
491
6
1
1
6
bitch)
142.749767442
492
8
1
0
5
sit
143.118139535
493
7
1
1
3
down
143.302325581
494
13
5
3
4
(sit
143.547906977
495
15
6
3
4
down
143.793488372
496
12
5
3
3
hol'
144.039069767
497
8
4
2
2
up
144.284651163
498
12
6
2
2
lil
144.40744186
499
13
6
2
5
bitch)
144.591627907
500
13
6
3
3
Be
144.96
501
15
8
5
4
humble
145.077333333
502
17
7
3
4
(bitch)
145.429333333
503
12
2
1
3
(Hol'
145.84
504
8
1
1
2
up,
146.044878049
505
7
1
0
5
hol'
146.167804878
506
6
1
0
4
up,
146.331707317
507
6
1
0
3
hol'
146.454634146
508
5
1
1
3
up,
146.618536585
509
11
5
3
4
hol'
146.741463415
510
13
5
3
4
up)
146.905365854
511
14
5
3
5
bitch
147.028292683
512
11
5
3
2
sit
147.233170732
513
10
5
2
2
down
147.356097561
514
14
7
3
5
(Lil
147.52
515
15
7
5
6
bitch)
147.891764706
516
15
6
5
5
(hol'
148.449411765
517
5
1
1
3
up
148.914117647
518
0
0
0
2
lil
149.1
519
0
0
1
6
bitch)
149.378823529
520
0
0
1
5
be
149.936470588
521
0
0
2
5
humble
150.122352941
522
0
1
3
4
(Hol'
150.68
523
11
6
4
4
up
151.55
524
17
7
4
8
bitch)
151.898
525
16
5
3
7
sit
152.942
526
17
7
4
6
down
153.464
527
16
9
5
6
(Hol'
154.16
528
15
7
5
4
up,
154.765405405
529
16
6
3
4
hol'
155.128648649
530
7
2
1
6
up,
155.612972973
531
12
5
3
8
hol'
155.976216216
532
15
6
3
5
up,
156.460540541
533
14
7
3
3
hol'
156.823783784
534
12
6
2
5
up)
157.308108108
535
12
6
4
3
be
157.671351351
536
20
9
6
5
humble
157.913513514
537
9
2
1
3
(Hol'
158.64
538
4
1
0
5
up,
158.971818182
539
6
1
1
6
hol'
159.170909091
540
7
5
3
4
up,
159.436363636
541
13
4
3
5
hol'
159.635454545
542
11
5
3
4
up,
159.900909091
543
12
5
3
3
hol'
160.1
544
11
5
2
2
up
160.365454545
545
12
6
3
4
lil
160.498181818
546
14
7
4
5
bitch)
160.697272727
547
11
6
4
4
sit
161.095454545
548
14
6
4
4
down
161.294545455
549
12
5
4
4
(Hol'
161.56
550
0
0
0
2
up
161.951666667
551
0
0
1
3
lil
162.108333333
552
0
0
1
6
bitch)
162.343333333
553
0
0
1
4
be
162.813333333
554
0
0
2
4
humble
162.97
555
0
0
1
2
(Hol'
163.44
556
0
0
0
2
up
163.909767442
557
9
5
4
5
bitch)
164.097674419
558
15
7
4
3
sit
164.661395349
559
16
5
3
4
down
164.943255814
560
9
1
0
7
(hol'
165.319069767
561
6
1
1
4
up
165.788837209
562
14
5
3
6
sit
165.976744186
563
14
5
3
5
down
166.258604651
564
12
6
2
3
lil
166.634418605
565
16
8
4
5
bitch)
166.91627907
566
13
7
4
3
(Sit
167.48
567
14
6
3
2
down
167.8064
568
11
2
1
3
lil
168.1328
569
8
2
0
6
bitch)
168.3776
570
6
1
0
1
be
168.8672
571
17
5
3
2
humble
169.0304
572
16
7
3
2
(Hol'
169.52
573
13
6
2
5
up,
170.16
574
18
8
3
2
hol'
170.544
575
18
7
3
2
up,
171.056
576
12
2
1
6
hol'
171.44
577
8
1
0
5
up,
171.952
578
17
7
4
3
hol'
172.336
579
11
5
3
2
up
172.848
580
14
7
3
4
lil
173.104
581
19
8
4
4
bitch)
173.488
582
18
6
3
5
bitch,
174.256
583
8
1
0
5
sit
175.024
584
16
5
3
2
down
175.408
585
13
5
2
2
(Hol'
175.92
586
9
1
0
1
up
176.245
587
11
5
2
1
lil
176.375
588
13
6
2
5
bitch)
176.57
589
10
5
2
2
be
176.96
590
17
8
3
2
humble
177.09
591
17
7
3
1
(Hol'
177.48
592
14
6
2
2
up
177.77
593
12
1
1
5
bitch)
177.886
594
4
1
0
5
sit
178.234
