0
0
0
0
0
Wicked
0.0
1
0
0
0
0
or
0.796
2
0
0
0
0
weakness,
1.592
3
0
0
0
0
you
2.388
4
0
0
0
0
gotta
3.184
5
0
0
0
0
see
3.98
6
0
0
0
0
this,
4.776
7
0
0
0
0
waaaaay
5.572
8
0
1
2
1
(yeah,
6.368
9
0
2
5
2
yeah!)
7.164
10
0
3
5
2
Aye,
7.96
11
0
2
4
5
I
8.71
12
0
3
5
3
remember
9.46
13
0
1
5
6
syrup
10.21
14
0
2
5
4
sandwiches
10.96
15
0
2
3
4
and
11.71
16
0
2
4
4
crime
12.46
17
0
1
3
4
allowances
13.21
18
13
6
3
4
Finesse
13.96
19
14
3
2
6
a
14.4733333333
20
7
2
1
7
nigga
14.9866666667
21
16
7
3
6
with
15.5
22
15
7
3
6
sum
16.0133333333
23
15
8
3
7
counterfeits
16.5266666667
24
17
7
4
4
But
17.04
25
18
7
4
6
now
17.544
26
4
1
1
7
I'm
18.048
27
16
5
3
4
countin
18.552
28
15
5
3
5
this
19.056
29
15
7
3
5
Parmesan
19.56
30
14
7
4
5
where
19.9309090909
31
16
8
4
4
my
20.3018181818
32
16
6
3
4
accountant
20.6727272727
33
9
2
2
6
lives
21.0436363636
34
8
1
1
6
in
21.4145454545
35
14
5
3
4
fact
21.7854545455
36
16
7
3
3
I'm
22.1563636364
37
13
7
3
3
down
22.5272727273
38
13
6
2
5
at
22.8981818182
39
14
6
3
4
this
23.2690909091
40
16
6
3
3
Dusse
23.64
41
17
7
3
3
with
23.92
42
15
4
3
4
my
24.2
43
7
1
1
6
boo
24.48
44
5
1
2
6
bae,
24.76
45
12
4
3
4
tastes
25.04
46
15
6
4
4
like
25.32
47
13
5
3
4
kool
25.6
48
12
6
2
3
aid
25.88
49
13
7
3
4
for
26.16
50
12
6
3
3
the
26.44
51
14
7
4
3
analysts
26.72
52
13
6
4
3
Girl,
27.0
53
11
3
2
4
I
27.2909090909
54
9
2
1
7
can
27.5818181818
55
8
1
1
6
buy
27.8727272727
56
11
5
3
3
your
28.1636363636
57
15
5
3
3
ass
28.4545454545
58
13
5
3
4
the
28.7454545455
59
13
6
2
3
world
29.0363636364
60
12
6
2
6
with
29.3272727273
61
13
6
3
5
my
29.6181818182
62
13
7
4
3
paystub
29.9090909091
63
16
7
3
4
Ooh
30.2
64
15
5
3
4
that
30.5033333333
65
4
1
2
6
pussy
30.8066666667
66
4
1
3
5
good,
31.11
67
12
5
3
4
won't
31.4133333333
68
15
6
4
4
you
31.7166666667
69
12
5
3
3
sit
32.02
70
13
7
3
5
it
32.3233333333
71
12
5
3
5
on
32.6266666667
72
12
6
3
4
my
32.93
73
16
6
3
4
taste
33.2333333333
74
14
6
3
5
bloods
33.5366666667
75
10
2
2
8
I
33.84
76
7
1
2
7
get
34.28
77
16
5
3
5
way
34.72
78
14
7
4
5
too
35.16
79
13
6
3
6
petty
35.6
80
13
6
3
4
once
36.04
81
15
7
4
4
you
36.48
82
13
5
3
5
let
36.92
83
7
1
2
6
me
37.36
84
15
5
3
5
do
37.8
85
14
5
3
5
the
38.24
86
15
7
4
6
extras
38.68
87
11
5
3
5
Pull
39.12
88
11
6
2
3
up
39.32
89
13
6
2
3
on
39.52
90
14
6
3
4
your
39.72
91
14
6
3
3
block,
39.92
92
12
3
1
4
then
40.12
93
10
2
1
5
break
40.32
94
8
1
1
6
it
40.52
95
7
1
1
5
down
40.72
96
6
1
1
3
we
40.92
97
12
4
3
3
playin
41.12
98
15
5
3
3
tetris
41.32
99
12
5
3
3
A.m.
41.52
100
12
5
4
2
to
41.7333333333
101
12
6
3
2
the
41.9466666667
102
11
6
2
5
p.m.,
42.16
103
10
4
3
6
p.m.
42.3733333333
104
13
6
3
4
to
42.5866666667
105
14
7
3
3
the
42.8
106
14
7
3
2
a.m.
43.0133333333
107
16
6
2
2
funk
43.2266666667
108
11
2
1
2
Piss
43.44
109
6
1
2
6
out
43.7381818182
110
6
1
2
5
your
44.0363636364
111
14
5
3
5
per
44.3345454545
112
15
5
3
4
diem
44.6327272727
113
12
7
4
3
you
44.9309090909
114
14
7
3
5
jus
45.2290909091
115
13
7
3
5
gotta
45.5272727273
116
14
6
3
3
hate
45.8254545455
117
15
6
3
2
em,
46.1236363636
118
14
3
1
3
funk
46.4218181818
119
8
2
1
6
If
46.72
120
8
1
1
6
I
47.04
121
11
5
3
4
quit
47.36
122
16
6
4
4
your
47.68
123
13
5
3
4
bm
48.0
124
13
5
2
6
I
48.32
125
11
3
1
6
still
48.64
126
13
6
3
5
ride
48.96
127
14
7
3
3
mercedes,
49.28
128
17
6
3
3
funk
49.6
129
10
2
1
6
If
49.92
130
5
1
1
6
I
50.2290909091
131
10
5
3
4
quit
50.5381818182
132
16
5
3
4
this
50.8472727273
133
12
5
4
5
season
51.1563636364
134
12
6
2
5
I
51.4654545455
135
13
7
3
4
still
51.7745454545
136
12
6
3
3
be
52.0836363636
137
12
5
2
4
the
52.3927272727
138
6
1
0
1
greatest,
52.7018181818
139
0
0
0
3
funk
53.0109090909
140
0
0
1
4
My
53.32
141
0
0
0
3
left
53.8133333333
142
0
0
0
4
stroke
54.3066666667
143
0
0
1
6
just
54.8
144
1
3
3
7
went
55.2933333333
145
17
7
4
6
viral
55.7866666667
146
10
2
1
8
Right
56.28
147
8
1
1
6
stroke
56.655
148
14
5
3
4
put
57.03
149
16
6
3
4
lil
57.405
150
14
7
3
3
baby
57.78
151
13
7
3
6
in
58.155
152
13
6
2
4
a
58.53
153
15
6
3
3
spiral
58.905
154
11
3
2
4
Soprano
59.28
155
6
2
2
8
c,
59.5781818182
156
7
1
1
6
we
59.8763636364
157
12
5
3
3
like
60.1745454545
158
16
5
3
3
to
60.4727272727
159
13
6
4
4
keep
60.7709090909
160
12
6
3
4
it
61.0690909091
161
13
6
3
7
on
61.3672727273
162
13
6
3
5
a
61.6654545455
163
16
7
4
3
high
61.9636363636
164
16
7
3
2
note
62.2618181818
165
13
6
3
4
It's
62.56
166
9
1
1
4
levels
62.6618181818
167
5
1
1
4
to
62.7636363636
168
4
1
0
3
it,
62.8654545455
169
4
1
1
5
you
62.9672727273
170
4
1
1
5
and
63.0690909091
171
4
1
2
5
I
63.1709090909
172
4
1
1
1
know...
63.2727272727
173
4
1
2
2
bitch
63.3745454545
174
3
2
2
2
be
63.4763636364
175
11
5
3
3
humble
63.5781818182
176
9
4
3
2

63.68
177
14
5
3
5
(Hol'
63.68
178
12
5
3
5
up
63.856
179
11
5
3
4
bitch)
64.032
180
11
4
2
4
sit
64.208
181
12
6
2
4
down,
64.384
182
12
7
4
4
(Hol'
64.56
183
10
5
3
4
up
64.656
184
10
5
3
5
lil
64.752
185
10
2
1
3
bitch,
64.848
186
9
5
2
3
hol'
64.944
187
11
5
3
2
up,
65.04
188
11
5
3
3
lil
65.136
189
10
2
1
3
bitch)
65.232
190
10
6
3
3
be
65.328
191
13
5
4
2
humble
65.424
192
15
6
4
2
(Hol'
65.52
193
12
3
1
4
up
65.7745454545
194
8
1
1
6
bitch)
66.0290909091
195
6
1
0
6
sit
66.2836363636
196
6
3
3
4
down
66.5381818182
197
15
5
3
4
(sit
66.7927272727
198
14
5
3
4
down
67.0472727273
199
13
5
3
2
hol'
67.3018181818
200
12
6
2
4
up
67.5563636364
201
10
4
1
5
lil
67.8109090909
202
12
6
4
3
bitch)
68.0654545455
203
12
6
4
3
Be
68.32
204
14
7
4
4
humble
68.56
205
15
6
3
4
(bitch)
68.8
206
9
2
1
3
(Hol'
69.04
207
4
1
0
3
up,
69.1090909091
208
4
1
0
3
hol'
69.1781818182
209
5
1
0
2
up,
69.2472727273
210
6
1
0
3
hol'
69.3163636364
211
6
1
0
5
up,
69.3854545455
212
6
1
0
5
hol'
69.4545454545
213
6
1
0
5
up)
69.5236363636
214
6
1
0
4
bitch
69.5927272727
215
5
0
0
1
sit
69.6618181818
216
5
0
0
2
down
69.7309090909
217
12
5
3
5
Lil
69.8
218
15
5
3
5
bitch
70.075
219
14
5
3
4
(hol'
70.35
220
13
6
2
2
up
70.625
221
13
7
3
5
lil
70.9
222
13
7
4
5
bitch)
71.175
223
13
6
4
4
be
71.45
224
9
2
4
5
humble
71.725
225
0
0
2
4
(Hol'
72.0
226
0
0
1
4
up
72.368
227
0
0
1
6
bitch)
72.736
228
0
0
1
6
sit
73.104
229
0
0
2
4
down
73.472
230
0
0
1
1
(Hol'
73.84
231
0
0
0
1
up,
74.032
232
0
0
0
2
hol'
74.224
233
0
0
1
2
up,
74.416
234
0
0
3
3
hol'
74.608
235
0
4
4
4
up,
74.8
236
12
6
3
4
hol'
74.992
237
13
7
4
3
up)
75.184
238
14
5
3
4
be
75.376
239
7
1
0
4
humble
75.568
240
8
1
0
6
(Hol'
75.76
241
12
5
3
5
up,
76.1366666667
242
15
6
4
6
hol'
76.5133333333
243
14
7
4
4
up,
76.89
244
13
7
3
5
hol'
77.2666666667
245
13
6
4
4
up,
77.6433333333
246
15
6
4
4
hol'
78.02
247
14
5
2
4
up
78.3966666667
248
9
2
1
6
lil
78.7733333333
249
8
1
2
7
bitch)
79.15
250
15
5
3
6
sit
79.5266666667
251
12
5
3
4
down
79.9033333333
252
10
5
2
2
(Hol'
80.28
253
11
6
2
5
up
80.4866666667
254
10
3
1
5
lil
80.6933333333
255
11
5
4
3
bitch)
80.9
256
13
6
4
3
be
81.1066666667
257
13
6
3
3
humble
81.3133333333
258
17
7
3
3
(Hol'
81.52
259
15
5
2
4
up
81.7236363636
260
9
1
1
3
bitch)
81.9272727273
261
9
1
1
5
sit
82.1309090909
262
8
1
0
5
down
82.3345454545
263
7
1
2
4
(hol'
82.5381818182
264
12
4
3
5
up
82.7418181818
265
14
4
3
5
sit
82.9454545455
266
12
5
3
4
down
83.1490909091
267
11
5
3
2
lil
83.3527272727
268
12
5
2
3
bitch)
83.5563636364
269
12
7
3
4
(Sit
83.76
270
11
5
2
5
down
83.9266666667
271
12
6
3
3
lil
84.0933333333
272
10
6
4
3
bitch)
84.26
273
12
3
3
3
be
84.4266666667
274
7
2
3
3
humble
84.5933333333
275
3
1
2
4
(Hol'
84.76
276
0
0
1
4
up,
85.1446153846
277
0
0
1
6
hol'
85.5292307692
278
0
0
1
6
up,
85.9138461538
279
0
0
3
4
hol'
86.2984615385
280
0
0
1
2
up,
86.6830769231
281
0
0
1
3
hol'
87.0676923077
282
8
6
4
4
up
87.4523076923
283
16
7
4
4
lil
87.8369230769
284
13
3
2
5
bitch)
88.2215384615
285
6
1
0
6
bitch,
88.6061538462
286
15
5
3
6
sit
88.9907692308
287
16
6
4
6
down
89.3753846154
288
11
5
3
3
(Hol'
89.76
289
12
7
3
4
up
89.9866666667
290
12
5
3
4
lil
90.2133333333
291
13
5
3
3
bitch)
90.44
292
13
5
3
3
be
90.6666666667
293
15
6
4
3
humble
90.8933333333
294
14
6
4
4
(Hol'
91.12
295
11
2
1
5
up
91.424
296
4
1
1
6
bitch)
91.728
297
3
1
1
4
sit
92.032
298
15
5
3
3
down
92.336
299
13
5
3
3
(Hol'
92.64
300
13
5
3
3
up,
92.875
301
12
6
2
3
hol'
93.11
302
11
6
2
5
up,
93.345
303
11
5
3
6
hol'
93.58
304
12
5
2
4
up,
93.815
305
15
6
3
3
hol'
94.05
306
16
7
3
3
up)
94.285
307
11
6
2
1

94.52
308
14
6
2
3
Who
94.52
309
10
1
0
4
dat
94.6866666667
310
7
1
0
5
nigga
94.8533333333
311
6
1
0
6
thinkin
95.02
312
5
1
0
5
that
95.1866666667
313
4
1
0
4
he
95.3533333333
314
11
5
3
4
frontin
95.52
315
14
5
3
4
on
95.6866666667
316
10
5
3
4
man
95.8533333333
317
12
5
3
4
man
96.02
318
10
5
2
4
(man
96.1866666667
319
12
5
2
4
man)
96.3533333333
320
13
7
3
5
Get
96.52
321
14
7
3
6
the
96.784
322
12
5
2
4
fuck
97.048
323
14
6
3
3
off
97.312
324
15
6
3
4
my
97.576
325
8
1
0
4
stage,
97.84
326
9
1
1
6
I'm
98.104
327
8
1
1
6
the
98.368
328
13
5
3
4
sandman
98.632
329
16
5
3
4
(sandman)
98.896
330
12
5
3
4
Get
99.16
331
13
6
2
4
the
99.4266666667
332
12
6
2
6
fuck
99.6933333333
333
12
6
3
6
off
99.96
334
14
6
2
2
my
100.226666667
335
13
5
3
4
dick,
100.493333333
336
16
7
4
5
that
100.76
337
12
2
1
4
ain't'
101.026666667
338
8
1
1
7
right
101.293333333
339
7
1
1
7
I
101.56
340
13
5
3
3
make
101.826666667
341
15
5
3
3
a
102.093333333
342
12
5
2
4
play
102.36
343
13
5
2
4
fucking
102.626666667
344
13
7
3
5
up
102.893333333
345
12
7
3
5
your
103.16
346
13
5
2
2
whole
103.426666667
347
9
2
1
5
life
103.693333333
348
4
0
2
6
I'm
103.96
349
0
0
1
4
so
104.306666667
350
0
0
0
3
fucken
104.653333333
351
0
0
1
2
sick
105.0
352
0
0
1
4
and
105.346666667
353
0
0
1
4
tired
105.693333333
354
0
0
1
3
of
106.04
355
0
0
1
5
the
106.386666667
356
10
5
2
5
photoshop
106.733333333
357
16
7
4
6
Show
107.08
358
12
2
1
5
me
107.435555556
359
7
1
1
6
something
107.791111111
360
13
5
3
4
natural
108.146666667
361
16
6
4
6
like
108.502222222
362
11
7
4
4
afro
108.857777778
363
14
7
4
5
on
109.213333333
364
13
7
4
6
richard
109.568888889
365
15
7
4
5
pryor
109.924444444
366
15
6
4
6
Show
110.28
367
11
2
2
7
me
110.644444444
368
5
1
1
6
something
111.008888889
369
12
5
3
4
natural
111.373333333
370
15
6
4
5
like
111.737777778
371
13
7
4
5
ass
112.102222222
372
12
6
3
7
with
112.466666667
373
12
6
3
6
some
112.831111111
374
16
7
3
5
stretchmarks
113.195555556
375
16
7
4
4
Still
113.56
376
15
6
3
4
will
113.785714286
377
8
1
2
6
take
114.011428571
378
6
1
1
6
you
114.237142857
379
5
1
1
4
down
114.462857143
380
11
5
3
3
right
114.688571429
381
14
5
4
4
on
114.914285714
382
13
5
3
4
your
115.14
383
11
6
3
4
momma's
115.365714286
384
11
6
4
4
couch
115.591428571
385
11
5
3
5
in
115.817142857
386
12
5
3
5
polo
116.042857143
387
12
6
3
4
socks
116.268571429
388
14
5
3
3
aye
116.494285714
389
15
6
3
5
This
116.72
390
10
2
2
6
shit
117.06
391
6
1
1
6
way
117.4
392
11
5
3
3
too
117.74
393
15
6
4
4
crazy
118.08
394
12
5
4
3
aye
118.42
395
12
6
3
4
You
118.76
396
10
5
2
6
do
118.993333333
397
13
5
3
5
not
119.226666667
398
13
5
3
3
amaze
119.46
399
14
5
3
4
me
119.693333333
400
17
7
4
3
aye
119.926666667
401
15
6
3
5
I
120.16
402
7
1
2
5
blew
120.5
403
5
2
2
5
cool
120.84
404
15
4
3
6
from
121.18
405
14
5
3
6
ac
121.52
406
12
6
3
4
aye
121.86
407
12
6
3
5
Obama
122.2
408
11
5
3
4
just
122.448
409
12
5
3
3
paged
122.696
410
14
5
2
3
me
122.944
411
12
5
2
5
aye
123.192
412
10
2
1
5
I
123.44
413
4
1
1
6
don't
123.776
414
11
4
3
3
fabricate
124.112
415
15
5
3
5
it
124.448
416
11
5
3
5
aye
124.784
417
11
6
2
3
Most
125.12
418
10
5
2
5
of
125.306666667
419
9
2
1
5
ya'll
125.493333333
420
11
5
3
3
be
125.68
421
11
5
3
3
fakin
125.866666667
422
12
5
2
3
aye
126.053333333
423
15
7
3
3
I
126.24
424
15
6
3
5
stay
126.553333333
425
8
1
1
7
modest
126.866666667
426
6
1
1
7
bout
127.18
427
14
5
3
6
it
127.493333333
428
16
6
3
5
aye
127.806666667
429
14
7
4
4
She
128.12
430
13
7
3
5
elaborate
128.47
431
14
5
3
5
it
128.82
432
11
5
3
5
aye
129.17
433
5
1
2
4
This
129.52
434
0
0
2
4
that
129.88
435
0
0
2
2
grey
130.24
436
0
0
2
3
poupon,
130.6
437
0
0
1
3
that
130.96
438
0
0
1
4
evian,
131.32
439
0
0
2
5
that
131.68
440
0
0
1
6
ted
132.04
441
11
5
3
5
talk
132.4
442
16
7
4
6
aye
132.76
443
10
2
1
7
Watch
133.12
444
7
1
1
7
my
133.404
445
6
1
2
5
soul
133.688
446
14
5
4
4
speak,
133.972
447
13
5
4
4
you
134.256
448
11
7
4
4
let
134.54
449
13
7
3
5
the
134.824
450
11
6
3
5
meds
135.108
451
12
6
2
4
talk
135.392
452
14
5
3
4
aye
135.676
453
14
5
3
3
If
135.96
454
10
2
1
3
I
136.138181818
455
7
1
1
4
kill
136.316363636
456
8
1
2
6
a
136.494545455
457
8
1
2
6
nigga
136.672727273
458
7
1
2
3
it
136.850909091
459
5
4
3
3
won't
137.029090909
460
13
5
3
3
be
137.207272727
461
13
4
2
3
the
137.385454545
462
11
5
2
3
alcohol
137.563636364
463
10
5
3
2
aye
137.741818182
464
11
5
3
3
I'm
137.92
465
11
5
1
6
the
138.088888889
466
6
2
1
6
realest
138.257777778
467
10
4
3
4
nigga
138.426666667
468
11
5
3
4
after
138.595555556
469
12
5
3
3
all
138.764444444
470
13
5
2
4
bitch
138.933333333
471
15
7
3
3
be
139.102222222
472
15
5
3
4
humble
139.271111111
473
9
2
1
3

139.44
474
11
2
2
4
(Hol'
139.44
475
8
1
2
3
up
139.608
476
6
1
2
5
bitch)
139.776
477
6
1
2
6
sit
139.944
478
5
1
1
3
down,
140.112
479
11
5
3
3
(Hol'
140.28
480
14
4
3
5
up
140.484
481
13
5
3
5
lil
140.688
482
11
5
3
4
bitch,
140.892
483
11
5
2
4
hol'
141.096
484
12
6
3
5
up,
141.3
485
11
5
3
4
lil
141.504
486
11
5
3
3
bitch)
141.708
487
13
6
3
3
be
141.912
488
14
6
3
3
humble
142.116
489
14
6
3
2
(Hol'
142.32
490
10
2
1
3
up
142.56
491
6
1
1
6
bitch)
142.8
492
7
1
0
5
sit
143.04
493
6
1
2
3
down
143.28
494
13
5
3
4
(sit
143.52
495
15
6
4
4
down
143.76
496
11
5
3
3
hol'
144.0
497
12
6
2
2
up
144.24
498
11
6
2
5
lil
144.48
499
10
3
1
5
bitch)
144.72
500
13
6
4
4
Be
144.96
501
14
6
4
4
humble
145.253333333
502
17
7
3
4
(bitch)
145.546666667
503
9
2
1
3
(Hol'
145.84
504
6
1
0
3
up,
145.992727273
505
7
1
0
5
hol'
146.145454545
506
7
1
0
4
up,
146.298181818
507
6
1
0
3
hol'
146.450909091
508
5
1
1
4
up,
146.603636364
509
11
4
3
4
hol'
146.756363636
510
13
4
3
4
up)
146.909090909
511
11
5
3
4
bitch
147.061818182
512
11
5
3
3
sit
147.214545455
513
10
5
2
2
down
147.367272727
514
15
7
3
5
(Lil
147.52
515
14
7
4
5
bitch)
147.915
516
17
8
5
5
(hol'
148.31
517
13
5
4
4
up
148.705
518
0
0
1
3
lil
149.1
519
0
0
1
6
bitch)
149.495
520
0
0
1
6
be
149.89
521
0
0
2
4
humble
150.285
522
0
0
1
3
(Hol'
150.68
523
15
7
5
5
up
151.376
524
14
6
3
7
bitch)
152.072
525
16
5
3
9
sit
152.768
526
16
7
4
6
down
153.464
527
14
8
4
5
(Hol'
154.16
528
18
7
5
5
up,
154.608
529
16
6
4
4
hol'
155.056
530
9
2
1
6
up,
155.504
531
4
3
3
7
hol'
155.952
532
16
6
4
6
up,
156.4
533
15
7
3
3
hol'
156.848
534
14
6
2
5
up)
157.296
535
16
7
5
4
be
157.744
536
17
7
4
5
humble
158.192
537
11
2
1
3
(Hol'
158.64
538
5
1
0
5
up,
158.883333333
539
5
1
0
5
hol'
159.126666667
540
5
4
3
4
up,
159.37
541
14
4
3
5
hol'
159.613333333
542
12
5
3
4
up,
159.856666667
543
10
5
3
3
hol'
160.1
544
12
6
3
3
up
160.343333333
545
12
7
3
5
lil
160.586666667
546
12
6
3
4
bitch)
160.83
547
12
6
4
4
sit
161.073333333
548
14
6
4
4
down
161.316666667
549
12
6
3
4
(Hol'
161.56
550
0
0
1
2
up
161.873333333
551
0
0
1
4
lil
162.186666667
552
0
0
0
5
bitch)
162.5
553
0
0
1
5
be
162.813333333
554
0
0
2
3
humble
163.126666667
555
0
0
1
1
(Hol'
163.44
556
0
0
0
2
up
163.807272727
557
0
0
3
4
bitch)
164.174545455
558
15
7
4
4
sit
164.541818182
559
16
5
3
4
down
164.909090909
560
7
1
0
6
(hol'
165.276363636
561
6
4
3
5
up
165.643636364
562
14
5
4
6
sit
166.010909091
563
13
5
3
5
down
166.378181818
564
14
7
3
5
lil
166.745454545
565
14
7
3
5
bitch)
167.112727273
566
15
7
4
3
(Sit
167.48
567
14
6
3
2
down
167.82
568
13
3
1
3
lil
168.16
569
8
1
0
5
bitch)
168.5
570
6
2
1
2
be
168.84
571
16
5
3
2
humble
169.18
572
14
7
3
2
(Hol'
169.52
573
15
6
2
5
up,
170.012307692
574
15
7
4
2
hol'
170.504615385
575
18
7
3
3
up,
170.996923077
576
9
2
0
6
hol'
171.489230769
577
12
5
3
5
up,
171.981538462
578
17
6
4
2
hol'
172.473846154
579
16
8
4
4
up
172.966153846
580
15
7
3
4
lil
173.458461538
581
18
8
3
2
bitch)
173.950769231
582
12
3
0
3
bitch,
174.443076923
583
9
1
0
5
sit
174.935384615
584
16
5
3
2
down
175.427692308
585
12
5
2
1
(Hol'
175.92
586
13
7
3
2
up
176.18
587
12
5
2
4
lil
176.44
588
11
2
0
4
bitch)
176.7
589
14
6
2
2
be
176.96
590
17
6
2
2
humble
177.22
591
17
7
3
1
(Hol'
177.48
592
16
6
3
3
up
177.712
593
9
1
1
3
bitch)
177.944
594
9
1
0
5
sit
178.176
