0
0
0
0
2
Oh,
0
1
0
0
0
2
hey,
1.05
2
0
0
0
2
oh,
2.45
3
0
0
1
2
hey,
3.5
4
0
0
0
2
oh,
4.9
5
0
0
0
2
hey,
5.95
6
0
0
0
2
hey,
7.35
7
0
0
0
2
hey
8.75
8
0
0
0
0

9.8
9
0
0
0
1
I'm
9.8
10
0
0
1
2
living
10.045106383
11
0
0
0
1
in
10.5353191489
12
0
0
0
1
the
10.6987234043
13
0
0
0
2
21st
10.9438297872
14
0
0
1
3
century
11.2706382979
15
0
0
1
3
doin'
11.8425531915
16
0
0
1
4
something
12.2510638298
17
0
0
0
2
mean
12.9863829787
18
0
0
0
2
to
13.3131914894
19
0
0
0
1
it
13.4765957447
20
0
0
2
1
Do
13.64
21
0
0
2
1
it
13.7844444444
22
0
0
1
3
better
13.9288888889
23
0
0
1
3
than
14.3622222222
24
0
0
2
3
anybody
14.6511111111
25
0
1
0
2
you
15.1566666667
26
0
0
1
2
ever
15.3733333333
27
0
0
1
2
seen
15.6622222222
28
0
0
1
1
do
15.9511111111
29
0
0
0
1
it
16.0955555556
30
0
0
1
3
Screams
16.24
31
0
0
1
3
from
17.0421621622
32
0
0
1
2
the
17.5005405405
33
0
1
3
3
haters,
17.8443243243
34
0
1
2
2
got
18.6464864865
35
0
1
2
2
a
18.9902702703
36
0
1
2
3
nice
19.1048648649
37
0
1
4
3
ring
19.5632432432
38
0
1
2
2
to
20.0216216216
39
0
1
2
2
it
20.2508108108
40
0
1
1
2
I
20.48
41
0
2
3
4
guess
20.6064864865
42
0
2
3
3
every
21.2389189189
43
0
3
4
5
superhero
21.8713513514
44
0
2
3
3
need
23.0097297297
45
0
1
2
3
his
23.5156756757
46
0
2
3
4
theme
23.8951351351
47
4
4
2
3
music
24.5275675676
48
4
1
1
1

25.16
49
4
2
1
2
No
25.16
50
6
3
1
2
one
25.384
51
4
2
2
3
man
25.72
52
4
3
2
5
should
26.056
53
4
3
2
4
have
26.728
54
2
1
1
3
all
27.176
55
1
2
2
4
that
27.512
56
6
4
3
3
power
27.96
57
5
3
2
2
The
28.52
58
4
2
3
3
clocks
28.7635294118
59
4
3
2
4
tickin'
29.2505882353
60
1
1
1
2
I
29.8188235294
61
4
3
2
3
just
29.9
62
3
2
1
3
count
30.2247058824
63
0
1
2
3
the
30.6305882353
64
2
4
2
3
hours
30.8741176471
65
5
3
2
2
Stop
31.28
66
6
3
2
3
trippin'
31.52
67
3
1
1
2
I'm
32.0
68
3
2
3
3
tripping
32.18
69
3
2
1
2
off
32.66
70
2
2
1
3
the
32.84
71
4
3
2
3
power
33.02
72
4
3
4
5
21st
33.32
73
1
5
2
6
century
34.3454545455
74
5
7
8
9
schizoid
36.14
75
5
5
4
5
man
38.1909090909
76
1
2
0
1

38.96
77
3
2
1
3
The
38.96
78
4
3
2
4
system
39.1730612245
79
3
2
2
4
broken,
39.5991836735
80
0
1
2
3
the
40.0963265306
81
6
4
2
4
school's
40.3093877551
82
6
3
1
3
closed,
40.8775510204
83
4
1
1
2
the
41.3746938776
84
5
3
2
4
prison's
41.587755102
85
3
3
1
3
open
42.1559183673
86
3
3
1
2
We
42.44
87
4
2
2
4
ain't
42.6136170213
88
0
1
3
2
got
43.0476595745
89
5
4
3
4
nothing
43.3080851064
90
5
2
1
1
to
43.9157446809
91
6
3
1
2
lose,
44.0893617021
92
6
4
3
5
motherfucker,
44.5234042553
93
3
2
1
2
we
45.6519148936
94
3
2
5
4
rollin',
45.8255319149
95
1
3
1
3
Huh?
46.52
96
7
4
3
5
Motherfucker,
46.7846153846
97
4
1
1
3
we
47.6446153846
98
2
2
2
4
rollin'
47.7769230769
99
3
3
1
3
With
48.24
100
4
3
2
3
some
48.5773913043
101
3
2
2
4
light
48.9147826087
102
2
4
2
4
skinned
49.3365217391
103
5
3
2
3
girls
49.9269565217
104
4
3
1
2
and
50.3486956522
105
4
2
1
3
some
50.6017391304
106
2
2
2
3
Kelly
50.9391304348
107
5
4
3
4
Rowland's
51.3608695652
108
1
1
1
2
In
52.12
109
0
1
2
3
this
52.2622222222
110
1
2
2
4
white
52.5466666667
111
5
3
2
3
man's
52.9022222222
112
7
3
2
3
world
53.2577777778
113
4
2
1
1
we
53.6133333333
114
5
1
2
2
the
53.7555555556
115
2
1
2
3
ones
53.9688888889
116
4
3
2
3
chosen
54.2533333333
117
2
1
0
2
So
54.68
118
4
3
2
4
goodnight
54.8036363636
119
1
1
3
3
cruel
55.36
120
0
1
3
3
world
55.6690909091
121
2
3
1
2
I'll
55.9781818182
122
5
3
2
2
see
56.2254545455
123
4
2
2
1
you
56.4109090909
124
4
3
2
1
in
56.5963636364
125
5
2
1
0
the
56.72
126
5
2
4
3
mornin',
56.9054545455
127
4
3
2
4
Huh?
57.4
128
2
1
1
2
I
57.8104347826
129
4
3
2
3
see
57.9130434783
130
3
3
2
3
you
58.2208695652
131
0
2
2
3
in
58.5286956522
132
0
2
3
3
the
58.7339130435
133
6
5
4
4
mornin'
59.0417391304
134
4
4
3
4
This
59.76
135
2
2
3
3
is
60.288
136
3
4
3
3
way
60.552
137
1
2
2
4
too
60.948
138
0
2
3
4
much,
61.344
139
0
1
1
2
I
62.004
140
5
3
2
3
need
62.136
141
4
1
1
1
a
62.664
142
5
3
2
5
moment.
62.796
143
1
0
0
1

63.72
144
2
2
1
2
No
63.72
145
3
2
1
3
one
63.9013333333
146
4
3
1
3
man
64.1733333333
147
3
2
2
4
should
64.4453333333
148
1
1
2
3
have
64.9893333333
149
3
3
2
2
all
65.352
150
5
3
2
3
that
65.624
151
6
3
2
3
power
65.9866666667
152
3
1
2
2
The
66.44
153
4
3
2
4
clocks
66.6971428571
154
5
3
2
5
tickin'.
67.2114285714
155
0
1
1
2
I
67.8971428571
156
1
1
2
4
just
67.9828571429
157
4
4
2
3
count
68.3257142857
158
5
2
2
2
the
68.7542857143
159
5
3
2
3
hours
69.0114285714
160
3
1
3
3
Stop
69.44
161
5
4
3
4
trippin'.
69.7645714286
162
4
3
2
3
I'm
70.4948571429
163
3
2
3
4
tripping
70.7382857143
164
1
2
2
3
off
71.3874285714
165
4
3
2
2
the
71.6308571429
166
6
3
2
3
power
71.8742857143
167
4
2
2
3
'Til
72.28
168
4
1
2
3
then,
72.6567741935
169
4
2
1
3
fuck
73.1277419355
170
4
3
2
3
that
73.504516129
171
2
1
1
3
the
73.8812903226
172
2
4
3
5
world's
74.1638709677
